0 99.999
0.000488519785051295 -0.236784165754707
0.00097703957010259 -1.77656121759649
0.00146555935515388 99.999
0.00195407914020518 2.00029451090344
0.00244259892525647 99.999
0.00293111871030777 2.17058990684672
0.00341963849535906 -0.0121130940497151
0.00390815828041036 99.999
0.00439667806546165 99.999
0.00488519785051295 99.999
0.00537371763556424 5.17860934071976
0.00586223742061553 99.999
0.00635075720566683 99.999
0.00683927699071812 99.999
0.00732779677576942 -0.453004201719943
0.00781631656082071 -0.849202732809046
0.008304836345872 1.14479723978675
0.0087933561309233 -1.12865832953886
0.0092818759159746 99.999
0.0097703957010259 -2.19547811303684
0.0102589154860772 -0.16068537894854
0.0107474352711285 99.999
0.0112359550561798 -0.492674394413137
0.0117244748412311 -2.11839392505852
0.0122129946262824 -0.209500779834596
0.0127015144113337 1.77092115704787
0.013190034196385 -1.86179203660604
0.0136785539814362 1.08749277365699
0.0141670737664875 -0.679488689189572
0.0146555935515388 99.999
0.0151441133365901 3.61809895277154
0.0156326331216414 -1.11808731586771
0.0161211529066927 0.297908919325681
0.016609672691744 0.438641107628708
0.0170981924767953 99.999
0.0175867122618466 -1.12451441642633
0.0180752320468979 -3.14790928135893
0.0185637518319492 -5.8464265836933
0.0190522716170005 2.56032989863447
0.0195407914020518 1.0851020317985
0.0200293111871031 99.999
0.0205178309721544 0.780124824555912
0.0210063507572057 0.22895842174437
0.021494870542257 -0.531540828135163
0.0219833903273083 -0.0306980261009585
0.0224719101123595 -1.30140960175977
0.0229604298974108 99.999
0.0234489496824621 0.11789081970508
0.0239374694675134 0.495616968727932
0.0244259892525647 1.32491608490491
0.024914509037616 -0.160996025307255
0.0254030288226673 -0.307052653318116
0.0258915486077186 -0.588356110766665
0.0263800683927699 -2.33782053396612
0.0268685881778212 -0.18716515826898
0.0273571079628725 -0.0205257737194975
0.0278456277479238 -0.839779908777454
0.0283341475329751 2.63050753238036
0.0288226673180264 0.252669366554437
0.0293111871030777 1.37449741542916
0.029799706888129 1.23690561033746
0.0302882266731803 1.10213686078628
0.0307767464582316 -1.05176246580264
0.0312652662432829 4.61866629601006
0.0317537860283341 99.999
0.0322423058133854 -0.668836043941133
0.0327308255984367 1.48071429215385
0.033219345383488 0.118415443770926
0.0337078651685393 -0.627623225433707
0.0341963849535906 1.70346672804046
0.0346849047386419 -1.19710961292503
0.0351734245236932 1.20189679355788
0.0356619443087445 -2.44530931943184
0.0361504640937958 0.115037662344811
0.0366389838788471 0.550820653978167
0.0371275036638984 0.952349863555576
0.0376160234489497 -1.20250717957034
0.038104543234001 -0.364442191852109
0.0385930630190523 99.999
0.0390815828041036 -0.0616923703946715
0.0395701025891549 0.0427033362264874
0.0400586223742062 99.999
0.0405471421592574 -0.831929794971924
0.0410356619443087 99.999
0.04152418172936 0.316218839639941
0.0420127015144113 -1.06996302222011
0.0425012212994626 99.999
0.0429897410845139 99.999
0.0434782608695652 99.999
0.0439667806546165 -0.0656024515622889
0.0444553004396678 0.542125244571954
0.0449438202247191 -1.65404660047957
0.0454323400097704 -0.942939735789188
0.0459208597948217 0.961734883655555
0.046409379579873 99.999
0.0468978993649243 1.936415355179
0.0473864191499756 -0.227772984424553
0.0478749389350269 -0.374613376405585
0.0483634587200782 -1.73129279591393
0.0488519785051295 -0.619301463033585
0.0493404982901808 -2.96876111611155
0.049829018075232 -0.26338232717232
0.0503175378602833 99.999
0.0508060576453346 -2.3717521692479
0.0512945774303859 99.999
0.0517830972154372 -0.128214256154487
0.0522716170004885 0.0497912354349512
0.0527601367855398 99.999
0.0532486565705911 0.102087034948957
0.0537371763556424 99.999
0.0542256961406937 -0.584259827571652
0.054714215925745 99.999
0.0552027357107963 99.999
0.0556912554958476 -2.35577840794551
0.0561797752808989 99.999
0.0566682950659502 1.39076454541922
0.0571568148510015 0.202581081838902
0.0576453346360528 99.999
0.058133854421104 -4.5856481044054
0.0586223742061553 99.999
0.0591108939912066 99.999
0.0595994137762579 0.25252594424416
0.0600879335613092 0.235030747918638
0.0605764533463605 -2.77862898079069
0.0610649731314118 1.16297351790044
0.0615534929164631 -1.03641994153635
0.0620420127015144 -0.860734997788154
0.0625305324865657 -0.77217086097365
0.063019052271617 1.44326666975105
0.0635075720566683 0.0306102978926685
0.0639960918417196 99.999
0.0644846116267709 99.999
0.0649731314118222 -1.16200655658593
0.0654616511968735 1.73839857602706
0.0659501709819248 99.999
0.066438690766976 1.78323430700223
0.0669272105520274 -0.223291798998612
0.0674157303370786 99.999
0.0679042501221299 0.682352681779935
0.0683927699071812 0.537634833023575
0.0688812896922325 1.04064511083045
0.0693698094772838 -0.941611847990211
0.0698583292623351 99.999
0.0703468490473864 0.262290117989266
0.0708353688324377 1.44262657954067
0.071323888617489 0.126415291478262
0.0718124084025403 -0.778121466005207
0.0723009281875916 -0.202869346349563
0.0727894479726429 -0.147409862854206
0.0732779677576942 -0.139645130315823
0.0737664875427455 4.19764009877364
0.0742550073277968 0.0786453604768622
0.074743527112848 0.391343670944699
0.0752320468978994 99.999
0.0757205666829507 0.300467261524849
0.076209086468002 99.999
0.0766976062530532 1.42101640549592
0.0771861260381045 99.999
0.0776746458231558 -2.54188353477082
0.0781631656082071 99.999
0.0786516853932584 0.36900322089671
0.0791402051783097 99.999
0.079628724963361 -0.0149486078827059
0.0801172447484123 99.999
0.0806057645334636 -0.88745479128564
0.0810942843185149 99.999
0.0815828041035662 99.999
0.0820713238886175 99.999
0.0825598436736688 -0.296413583361599
0.08304836345872 99.999
0.0835368832437714 0.404056013278302
0.0840254030288227 -1.39154437093391
0.084513922813874 99.999
0.0850024425989253 0.928006007975851
0.0854909623839765 0.142806952667597
0.0859794821690278 0.315331073274396
0.0864680019540791 -1.60027480018463
0.0869565217391304 0.0245198835123665
0.0874450415241817 -0.93248294118393
0.087933561309233 -0.80756441780082
0.0884220810942843 -0.0707355622851619
0.0889106008793356 -1.90171403164354
0.0893991206643869 -0.256946567648863
0.0898876404494382 -0.663007560139147
0.0903761602344895 0.965300517391488
0.0908646800195408 0.793509298339354
0.091353199804592 0.409328744363272
0.0918417195896434 3.99245402487087
0.0923302393746947 -1.72492599313936
0.092818759159746 99.999
0.0933072789447973 -0.678944159951563
0.0937957987298486 0.502728647654895
0.094284318514900 0.207914326562776
0.094772838299951 99.999
0.0952613580850024 1.01930084779632
0.0957498778700537 0.783174154755276
0.096238397655105 -0.136680529675206
0.0967269174401563 99.999
0.0972154372252076 0.0545651216391557
0.097703957010259 -1.54294137863434
0.0981924767953102 2.89278946449474
0.0986809965803615 -1.51100474404883
0.0991695163654128 0.296455388025491
0.099658036150464 0.724119198867594
0.100146555935515 0.397912285896852
0.100635075720567 0.090165126047243
0.101123595505618 -0.268641201217275
0.101612115290669 99.999
0.102100635075721 1.48889426609385
0.102589154860772 -0.872297086081851
0.103077674645823 0.350708584511024
0.103566194430874 -2.31523790624324
0.104054714215926 0.432523828077012
0.104543234000977 0.156710686704167
0.105031753786028 0.635805163736488
0.10552027357108 99.999
0.106008793356131 1.59023088845892
0.106497313141182 0.836419443804966
0.106985832926234 0.54414464696825
0.107474352711285 99.999
0.107962872496336 -0.823966656140159
0.108451392281387 0.373104863215573
0.108939912066439 0.442873250376791
0.10942843185149 99.999
0.109916951636541 -0.522386856446342
0.110405471421593 99.999
0.110893991206644 -2.86276261494604
0.111382510991695 0.0855202405434392
0.111871030776746 -0.219310495468058
0.112359550561798 0.976744472892615
0.112848070346849 0.109963961146348
0.1133365901319 0.415782711800569
0.113825109916952 0.279754521347785
0.114313629702003 -0.122731750145544
0.114802149487054 99.999
0.115290669272106 99.999
0.115779189057157 0.292783628294438
0.116267708842208 0.742971673543137
0.116756228627259 -2.80207308617846
0.117244748412311 -0.857610644354321
0.117733268197362 0.0138150622357568
0.118221787982413 -0.530377491174001
0.118710307767465 99.999
0.119198827552516 -0.175249050352145
0.119687347337567 1.11003203038479
0.120175867122618 1.06467564585761
0.12066438690767 -0.478211090103546
0.121152906692721 -0.63986689125469
0.121641426477772 99.999
0.122129946262824 0.780118976553727
0.122618466047875 99.999
0.123106985832926 99.999
0.123595505617978 99.999
0.124084025403029 -0.512272020981116
0.12457254518808 -1.70789239564429
0.125061064973131 -0.334680252707434
0.125549584758183 0.786238900441651
0.126038104543234 -0.610535536791033
0.126526624328285 99.999
0.127015144113337 -0.93560216981371
0.127503663898388 0.502168170606701
0.127992183683439 0.38469726451721
0.12848070346849 99.999
0.128969223253542 -0.725010035094484
0.129457743038593 3.06247090678827
0.129946262823644 -0.502655961283478
0.130434782608696 0.949196614573448
0.130923302393747 99.999
0.131411822178798 -0.876737026288983
0.13190034196385 -1.79473083362746
0.132388861748901 99.999
0.132877381533952 2.26110117339611
0.133365901319003 0.125726914220171
0.133854421104055 -0.228721974236526
0.134342940889106 99.999
0.134831460674157 99.999
0.135319980459209 -1.38237291914265
0.13580850024426 99.999
0.136297020029311 -0.733492247681623
0.136785539814362 99.999
0.137274059599414 1.99287115068375
0.137762579384465 0.367963620418314
0.138251099169516 -0.363863004247071
0.138739618954568 -1.12882139671716
0.139228138739619 0.599307110827857
0.13971665852467 0.181562487885315
0.140205178309722 -0.364297816205194
0.140693698094773 99.999
0.141182217879824 -0.267253421408539
0.141670737664875 1.76028214172562
0.142159257449927 1.44955498048113
0.142647777234978 99.999
0.143136297020029 99.999
0.143624816805081 0.081858352994332
0.144113336590132 99.999
0.144601856375183 -2.56785629821017
0.145090376160234 -2.33951780429096
0.145578895945286 -1.11273547861146
0.146067415730337 0.715432890041888
0.146555935515388 1.63441046116314
0.14704445530044 -1.36426730145677
0.147532975085491 1.74287909152041
0.148021494870542 -0.0324754971091142
0.148510014655594 99.999
0.148998534440645 99.999
0.149487054225696 0.891722403999204
0.149975574010747 99.999
0.150464093795799 0.560371547557024
0.15095261358085 99.999
0.151441133365901 0.968078041842792
0.151929653150953 0.334080961671305
0.152418172936004 0.890411636889224
0.152906692721055 0.618821605438247
0.153395212506106 0.548444960251555
0.153883732291158 -0.0045387643030692
0.154372252076209 -0.14681799749817
0.15486077186126 1.15960375552042
0.155349291646312 99.999
0.155837811431363 -0.486692277196753
0.156326331216414 99.999
0.156814851001466 -0.56044404558137
0.157303370786517 0.358648514908486
0.157791890571568 99.999
0.158280410356619 0.184043759769074
0.158768930141671 99.999
0.159257449926722 99.999
0.159745969711773 0.689707730877321
0.160234489496825 0.921506956464396
0.160723009281876 99.999
0.161211529066927 99.999
0.161700048851979 1.4500662550355
0.16218856863703 -0.381316851832536
0.162677088422081 99.999
0.163165608207132 1.14155602722153
0.163654127992184 2.29905944963833
0.164142647777235 -1.2965347708061
0.164631167562286 -0.396172213207323
0.165119687347338 -0.226428618703217
0.165608207132389 0.774634433206359
0.16609672691744 -1.47783632757473
0.166585246702491 99.999
0.167073766487543 -1.10925359474785
0.167562286272594 1.48518342688124
0.168050806057645 99.999
0.168539325842697 -1.15393651501783
0.169027845627748 1.39476963805111
0.169516365412799 0.00710296596595077
0.170004885197851 -0.626973463805705
0.170493404982902 -2.16925664588763
0.170981924767953 1.28376076381684
0.171470444553004 -0.660681520416611
0.171958964338056 99.999
0.172447484123107 99.999
0.172936003908158 0.57477649810669
0.17342452369321 99.999
0.173913043478261 99.999
0.174401563263312 1.30164544068897
0.174890083048363 99.999
0.175378602833415 0.690572909258862
0.175867122618466 -0.418798820735946
0.176355642403517 -0.768190035864695
0.176844162188569 1.38162401865994
0.17733268197362 99.999
0.177821201758671 -1.09352851366082
0.178309721543723 0.463164832605743
0.178798241328774 99.999
0.179286761113825 -2.07568324183051
0.179775280898876 1.54550586610939
0.180263800683928 0.0288454677628785
0.180752320468979 0.11277312630088
0.18124084025403 99.999
0.181729360039082 3.07800169523263
0.182217879824133 99.999
0.182706399609184 1.52243763622664
0.183194919394235 99.999
0.183683439179287 99.999
0.184171958964338 -0.385495743864726
0.184660478749389 -1.61298974405446
0.185148998534441 -1.23541777317025
0.185637518319492 0.65435844278314
0.186126038104543 99.999
0.186614557889595 -0.0605652508224565
0.187103077674646 0.336532987306567
0.187591597459697 0.934896103646606
0.188080117244748 -0.403510678298154
0.1885686370298 2.05266270975865
0.189057156814851 -0.127406893688174
0.189545676599902 1.15173951086983
0.190034196384954 0.565616813925587
0.190522716170005 -0.659614377175592
0.191011235955056 99.999
0.191499755740107 2.36598868890703
0.191988275525159 -0.0855066485220115
0.19247679531021 99.999
0.192965315095261 99.999
0.193453834880313 -0.10691488459811
0.193942354665364 2.21313635978126
0.194430874450415 99.999
0.194919394235467 -0.131545719454707
0.195407914020518 -0.715781371315233
0.195896433805569 99.999
0.19638495359062 99.999
0.196873473375672 -0.790157797388331
0.197361993160723 -1.08181616122608
0.197850512945774 -0.315965910248999
0.198339032730826 -0.600756733658837
0.198827552515877 -0.818574694205321
0.199316072300928 3.49875470661584
0.199804592085979 99.999
0.200293111871031 0.964313058252797
0.200781631656082 2.7804068347592
0.201270151441133 -0.0269921027464876
0.201758671226185 99.999
0.202247191011236 99.999
0.202735710796287 0.446991119418231
0.203224230581339 0.419506885745948
0.20371275036639 -0.437336738100195
0.204201270151441 -0.0353705616837452
0.204689789936492 -0.555977364887527
0.205178309721544 99.999
0.205666829506595 0.320135648911368
0.206155349291646 99.999
0.206643869076698 -0.116625933105446
0.207132388861749 99.999
0.2076209086468 2.01301735547856
0.208109428431851 1.09168865840141
0.208597948216903 -1.34449708383485
0.209086468001954 1.37310603674734
0.209574987787005 99.999
0.210063507572057 -1.97660523187523
0.210552027357108 -0.53726240911598
0.211040547142159 -0.216394580692958
0.211529066927211 99.999
0.212017586712262 99.999
0.212506106497313 -1.48789525088162
0.212994626282364 -0.380588243353668
0.213483146067416 0.195490321709532
0.213971665852467 0.472833674411039
0.214460185637518 99.999
0.21494870542257 -0.284398103198206
0.215437225207621 -0.814697050481045
0.215925744992672 -0.546822266057675
0.216414264777723 99.999
0.216902784562775 99.999
0.217391304347826 -1.73078179253433
0.217879824132877 -0.199675919426487
0.218368343917929 1.21135925355373
0.21885686370298 -1.30624816562304
0.219345383488031 -1.91352734438766
0.219833903273083 -0.419067932737763
0.220322423058134 -1.9951208857835
0.220810942843185 -1.9758517570851
0.221299462628236 99.999
0.221787982413288 -0.103025912471829
0.222276502198339 2.8244602181505
0.22276502198339 -0.324814011174531
0.223253541768442 0.604558525302005
0.223742061553493 0.294090679516235
0.224230581338544 -0.601308099945548
0.224719101123595 -2.43255325063113
0.225207620908647 -1.10861591657395
0.225696140693698 0.286198158095084
0.226184660478749 -0.696308317038476
0.226673180263801 99.999
0.227161700048852 -0.873724843875322
0.227650219833903 99.999
0.228138739618955 99.999
0.228627259404006 -0.348471959661754
0.229115779189057 -0.0178171483206
0.229604298974108 99.999
0.23009281875916 99.999
0.230581338544211 -2.11679029670091
0.231069858329262 0.84951413013222
0.231558378114314 2.03019395885737
0.232046897899365 1.13552209243191
0.232535417684416 -0.832970608588578
0.233023937469468 1.09249362215661
0.233512457254519 1.30237450051945
0.23400097703957 0.476843365384642
0.234489496824621 0.515924313703223
0.234978016609673 0.372075946013747
0.235466536394724 1.49453738144569
0.235955056179775 -0.614482109518681
0.236443575964827 -0.299720887343595
0.236932095749878 99.999
0.237420615534929 -0.648514449241325
0.23790913531998 -0.578203001546844
0.238397655105032 99.999
0.238886174890083 0.58685364127011
0.239374694675134 99.999
0.239863214460186 -0.813160370578059
0.240351734245237 99.999
0.240840254030288 0.144115843820494
0.24132877381534 99.999
0.241817293600391 0.878986182406806
0.242305813385442 -0.361228320217715
0.242794333170493 -2.49011322447023
0.243282852955545 0.947132147033664
0.243771372740596 2.90511775275048
0.244259892525647 -0.530725091812543
0.244748412310699 -1.05082079908064
0.24523693209575 99.999
0.245725451880801 0.770510931393771
0.246213971665852 -0.103086402188346
0.246702491450904 99.999
0.247191011235955 -0.133586688115171
0.247679531021006 1.0754349097511
0.248168050806058 -0.861564490490817
0.248656570591109 -0.0876697840914584
0.24914509037616 0.776721667890501
0.249633610161212 -0.363065000835341
0.250122129946263 99.999
0.250610649731314 0.512484737866215
0.251099169516365 -0.186145432331589
0.251587689301417 1.19905128971313
0.252076209086468 99.999
0.252564728871519 99.999
0.253053248656571 99.999
0.253541768441622 -0.217597506314915
0.254030288226673 99.999
0.254518808011724 -0.250057316651202
0.255007327796776 99.999
0.255495847581827 1.29356714328877
0.255984367366878 1.93917522631963
0.25647288715193 0.929660892352209
0.256961406936981 -0.0299343317116244
0.257449926722032 0.436097044019762
0.257938446507084 1.06329831986503
0.258426966292135 1.33737415785767
0.258915486077186 99.999
0.259404005862237 0.238173407890916
0.259892525647289 -0.590972531232858
0.26038104543234 99.999
0.260869565217391 -0.0763223353852403
0.261358085002443 0.498683009915461
0.261846604787494 -0.9131948241098
0.262335124572545 2.27301770518628
0.262823644357596 99.999
0.263312164142648 99.999
0.263800683927699 -1.08244967747632
0.26428920371275 -0.647970836651868
0.264777723497802 -1.05727039456419
0.265266243282853 0.834431352141422
0.265754763067904 -0.201653412850865
0.266243282852956 99.999
0.266731802638007 0.0221977917718644
0.267220322423058 -0.66000349420885
0.267708842208109 99.999
0.268197361993161 99.999
0.268685881778212 -1.06198407224415
0.269174401563263 1.2605368484005
0.269662921348315 0.00509453880632911
0.270151441133366 0.123782164947991
0.270639960918417 1.80985250244372
0.271128480703469 -0.663466732361004
0.27161700048852 0.0706326737154485
0.272105520273571 99.999
0.272594040058622 -1.08770117064155
0.273082559843674 -0.352681343867249
0.273571079628725 -0.21911959523312
0.274059599413776 0.736826147908855
0.274548119198828 -0.0845281326038894
0.275036638983879 0.175912985360414
0.27552515876893 -1.13676362140116
0.276013678553981 1.7356417218325
0.276502198339033 99.999
0.276990718124084 1.73517421581
0.277479237909135 1.18459226117431
0.277967757694187 0.0882982447662162
0.278456277479238 0.828830758316533
0.278944797264289 3.99678066244049
0.27943331704934 0.0926415945403118
0.279921836834392 1.2988163121528
0.280410356619443 -1.40713432499989
0.280898876404494 0.0723549929392051
0.281387396189546 0.523475689311893
0.281875915974597 99.999
0.282364435759648 99.999
0.2828529555447 0.635213247370469
0.283341475329751 -0.679491077231624
0.283829995114802 -0.804574598710426
0.284318514899853 -0.698627238879819
0.284807034684905 0.109513335955728
0.285295554469956 1.31159882388377
0.285784074255007 9.6320952299796
0.286272594040059 99.999
0.28676111382511 2.46460500061211
0.287249633610161 99.999
0.287738153395212 0.455473594172677
0.288226673180264 0.283914254245781
0.288715192965315 99.999
0.289203712750366 0.573905293055996
0.289692232535418 0.88083240527642
0.290180752320469 -1.81546295271889
0.29066927210552 0.119311369761618
0.291157791890572 99.999
0.291646311675623 99.999
0.292134831460674 0.533196290325671
0.292623351245725 -0.825367790636568
0.293111871030777 99.999
0.293600390815828 1.23644864102789
0.294088910600879 -0.0964084437086322
0.294577430385931 -0.098823418715637
0.295065950170982 0.184330688954137
0.295554469956033 0.935848212734893
0.296042989741085 -0.399766912570949
0.296531509526136 0.995476937972615
0.297020029311187 2.18070267708773
0.297508549096238 0.421827286135669
0.29799706888129 0.579259659491962
0.298485588666341 0.577318955048552
0.298974108451392 -0.626429928298561
0.299462628236444 99.999
0.299951148021495 0.63021664383844
0.300439667806546 99.999
0.300928187591597 -1.18305694748484
0.301416707376649 99.999
0.3019052271617 1.59537643869723
0.302393746946751 99.999
0.302882266731803 -0.0510712683165502
0.303370786516854 0.665403083031667
0.303859306301905 0.552549831120313
0.304347826086957 0.896582911120273
0.304836345872008 0.293265160917457
0.305324865657059 0.403456993665322
0.30581338544211 99.999
0.306301905227162 -0.609902823879577
0.306790425012213 -2.55174200436616
0.307278944797264 0.868420917169237
0.307767464582316 -1.91416871682063
0.308255984367367 -0.247680825003027
0.308744504152418 0.552088532249697
0.309233023937469 0.994302581060408
0.309721543722521 -0.481710714563088
0.310210063507572 99.999
0.310698583292623 99.999
0.311187103077675 99.999
0.311675622862726 0.676336771949776
0.312164142647777 2.93466987443489
0.312652662432829 -0.380875061175289
0.31314118221788 -0.326278734101076
0.313629702002931 0.338961286204531
0.314118221787982 -0.211913319345706
0.314606741573034 1.04637291306212
0.315095261358085 0.717548945753148
0.315583781143136 0.746392849600367
0.316072300928188 0.529761504015971
0.316560820713239 1.69707317064306
0.31704934049829 -0.92760255642069
0.317537860283341 0.99771627944151
0.318026380068393 -0.392333815939616
0.318514899853444 0.354087963793844
0.319003419638495 -2.09780803048979
0.319491939423547 99.999
0.319980459208598 -0.262477025006911
0.320468978993649 -1.38241254617995
0.320957498778701 99.999
0.321446018563752 99.999
0.321934538348803 1.26574509260606
0.322423058133854 99.999
0.322911577918906 99.999
0.323400097703957 -1.04145815737087
0.323888617489008 -0.626177073649795
0.32437713727406 99.999
0.324865657059111 0.969219329343139
0.325354176844162 -1.3743604106156
0.325842696629214 0.487219820547086
0.326331216414265 -0.095529656864875
0.326819736199316 0.164835656524126
0.327308255984367 2.1761861450638
0.327796775769419 -0.768675309345583
0.32828529555447 -0.81160508022116
0.328773815339521 0.795900021986422
0.329262335124573 -0.0304217858633986
0.329750854909624 -0.811340999327103
0.330239374694675 -0.869274061432038
0.330727894479726 -0.748539005420655
0.331216414264778 99.999
0.331704934049829 -1.01732940663284
0.33219345383488 99.999
0.332681973619932 99.999
0.333170493404983 -1.62465896825637
0.333659013190034 -0.0541281036725985
0.334147532975085 0.309817808368529
0.334636052760137 -0.434761794915012
0.335124572545188 -1.86206010998752
0.335613092330239 -0.761804231779225
0.336101612115291 -0.522299910901603
0.336590131900342 -1.07298400361528
0.337078651685393 1.11594781414564
0.337567171470445 0.486681159757925
0.338055691255496 99.999
0.338544211040547 0.105937687084127
0.339032730825598 99.999
0.33952125061065 0.90307418046972
0.340009770395701 99.999
0.340498290180752 0.736339210633876
0.340986809965804 99.999
0.341475329750855 -0.0119357017821001
0.341963849535906 -1.38579928069761
0.342452369320957 -1.12143751873994
0.342940889106009 -2.11694843848578
0.34342940889106 99.999
0.343917928676111 99.999
0.344406448461163 2.64402396651623
0.344894968246214 -1.25168328970704
0.345383488031265 99.999
0.345872007816317 0.340480992316561
0.346360527601368 -0.331012449950204
0.346849047386419 99.999
0.34733756717147 0.226439912819509
0.347826086956522 1.5983891061419
0.348314606741573 99.999
0.348803126526624 0.492603283888078
0.349291646311676 0.315964081991987
0.349780166096727 99.999
0.350268685881778 -0.575795193523731
0.350757205666829 3.50003823151695
0.351245725451881 0.559417194912059
0.351734245236932 -0.753060542759788
0.352222765021983 99.999
0.352711284807035 0.955554420258814
0.353199804592086 0.552802552725292
0.353688324377137 0.0874331181613326
0.354176844162189 0.0407720799191147
0.35466536394724 0.831411470535259
0.355153883732291 0.90145610525059
0.355642403517342 0.00366407730919771
0.356130923302394 99.999
0.356619443087445 0.104746202263264
0.357107962872496 -0.561378557691919
0.357596482657548 99.999
0.358085002442599 99.999
0.35857352222765 1.00152304207895
0.359062042012702 1.74635555395406
0.359550561797753 -0.231511347319124
0.360039081582804 99.999
0.360527601367855 99.999
0.361016121152907 0.506816270661666
0.361504640937958 0.355799665830258
0.361993160723009 -5.2553784645605
0.362481680508061 1.00935438113163
0.362970200293112 0.806395011528624
0.363458720078163 -1.24697779354073
0.363947239863214 4.68500778700351
0.364435759648266 0.287819085620033
0.364924279433317 1.03665098115281
0.365412799218368 -0.253712529163894
0.36590131900342 -0.875520831302494
0.366389838788471 99.999
0.366878358573522 0.136782557389296
0.367366878358574 99.999
0.367855398143625 0.0561334460109944
0.368343917928676 -0.254305081590991
0.368832437713727 2.38551855100493
0.369320957498779 99.999
0.36980947728383 99.999
0.370297997068881 0.978984492862176
0.370786516853933 2.77178726713238
0.371275036638984 -1.14463958295463
0.371763556424035 99.999
0.372252076209086 99.999
0.372740595994138 0.68730894270478
0.373229115779189 1.00411638453388
0.37371763556424 1.38874417184319
0.374206155349292 1.63834373733617
0.374694675134343 0.582263751442954
0.375183194919394 0.605607147726345
0.375671714704445 0.694250446267913
0.376160234489497 1.65905779273347
0.376648754274548 -0.181306641001587
0.377137274059599 -0.651780419133474
0.377625793844651 -0.430893191835049
0.378114313629702 1.51353870746112
0.378602833414753 -0.0224951512484141
0.379091353199805 2.06552391792029
0.379579872984856 -1.2951613942424
0.380068392769907 1.00553829780496
0.380556912554958 0.0748374820548374
0.38104543234001 2.31218011378464
0.381533952125061 -0.293597677657854
0.382022471910112 -0.582494405003459
0.382510991695164 2.71623639141805
0.382999511480215 99.999
0.383488031265266 1.5928325693633
0.383976551050318 0.235851294572784
0.384465070835369 99.999
0.38495359062042 1.82499065897658
0.385442110405471 1.31989235708018
0.385930630190523 99.999
0.386419149975574 99.999
0.386907669760625 99.999
0.387396189545677 0.915560567904285
0.387884709330728 -2.48485679436845
0.388373229115779 4.72771721888066
0.38886174890083 0.855156621049701
0.389350268685882 4.1929813089484
0.389838788470933 0.453958278604107
0.390327308255984 0.799450929826807
0.390815828041036 0.141981247782419
0.391304347826087 2.08784663638086
0.391792867611138 -1.18084949613645
0.39228138739619 1.01669263143389
0.392769907181241 99.999
0.393258426966292 -0.953514455581627
0.393746946751343 1.18534336250387
0.394235466536395 1.72689468906063
0.394723986321446 -0.348997701393208
0.395212506106497 -0.659214060423841
0.395701025891549 99.999
0.3961895456766 1.44007957701874
0.396678065461651 -0.172245559761677
0.397166585246702 -2.1088219290456
0.397655105031754 99.999
0.398143624816805 0.613197493924604
0.398632144601856 0.989918977410532
0.399120664386908 0.226968607727304
0.399609184171959 99.999
0.40009770395701 0.275408559345883
0.400586223742062 -0.131960547298877
0.401074743527113 0.975296575521543
0.401563263312164 -5.93608591450293
0.402051783097215 99.999
0.402540302882267 99.999
0.403028822667318 1.31374246257771
0.403517342452369 -1.15128152944779
0.404005862237421 0.524989002190798
0.404494382022472 -0.402599833776681
0.404982901807523 0.899449047987142
0.405471421592574 0.353581146008989
0.405959941377626 0.596848886793426
0.406448461162677 -0.944737543218753
0.406936980947728 -0.427232138350161
0.40742550073278 0.0327035613271141
0.407914020517831 99.999
0.408402540302882 -0.804533903657236
0.408891060087934 99.999
0.409379579872985 1.84731748670432
0.409868099658036 99.999
0.410356619443087 0.524456878998904
0.410845139228139 99.999
0.41133365901319 99.999
0.411822178798241 0.529201319769067
0.412310698583293 -0.0717185871714334
0.412799218368344 0.621144789996158
0.413287738153395 99.999
0.413776257938447 99.999
0.414264777723498 5.52873603108975
0.414753297508549 0.657804002374
0.4152418172936 0.182096317207944
0.415730337078652 0.187431419154237
0.416218856863703 1.16740968439215
0.416707376648754 -1.68677789395637
0.417195896433806 -0.185831950533093
0.417684416218857 -0.181126811625838
0.418172936003908 99.999
0.418661455788959 1.74559042792002
0.419149975574011 1.64115461943375
0.419638495359062 1.3833641341862
0.420127015144113 1.33775243228304
0.420615534929165 1.3954793886943
0.421104054714216 2.20980653691698
0.421592574499267 99.999
0.422081094284319 0.261594914769466
0.42256961406937 99.999
0.423058133854421 0.731766847796817
0.423546653639472 0.819330728814325
0.424035173424524 3.06058274897316
0.424523693209575 2.48223483617879
0.425012212994626 99.999
0.425500732779678 99.999
0.425989252564729 0.215666179135085
0.42647777234978 -0.606520517020711
0.426966292134831 1.33352940737664
0.427454811919883 0.443081226352064
0.427943331704934 99.999
0.428431851489985 99.999
0.428920371275037 0.97918462104705
0.429408891060088 0.627932257515263
0.429897410845139 0.679873535362362
0.43038593063019 1.82946025703763
0.430874450415242 2.54610961547565
0.431362970200293 1.50544078616882
0.431851489985344 4.37119181383057
0.432340009770396 99.999
0.432828529555447 1.50418662603709
0.433317049340498 2.25178005131598
0.43380556912555 1.45652791158823
0.434294088910601 1.11516857921585
0.434782608695652 2.35286751238675
0.435271128480703 -3.16908105763079
0.435759648265755 99.999
0.436248168050806 5.61383081543868
0.436736687835857 99.999
0.437225207620909 1.49523109542235
0.43771372740596 1.5449084804043
0.438202247191011 1.04708179155087
0.438690766976063 2.23846103249158
0.439179286761114 0.558964179280662
0.439667806546165 5.13171561454546
0.440156326331216 2.12333368023401
0.440644846116268 0.99783703264241
0.441133365901319 99.999
0.44162188568637 1.64162549801603
0.442110405471422 1.38967444366267
0.442598925256473 1.56589122063419
0.443087445041524 1.72724241158999
0.443575964826575 0.802797171506418
0.444064484611627 2.22944006042107
0.444553004396678 1.68752668512568
0.445041524181729 99.999
0.445530043966781 2.79742259666979
0.446018563751832 0.315225495997793
0.446507083536883 99.999
0.446995603321935 2.02354076168148
0.447484123106986 1.1575858170318
0.447972642892037 1.2360630592941
0.448461162677088 1.84123789845667
0.44894968246214 1.3160320269375
0.449438202247191 1.18812380501105
0.449926722032242 2.56678910414714
0.450415241817294 1.64489840625085
0.450903761602345 2.72088769303025
0.451392281387396 2.20264242390191
0.451880801172447 0.998740745944222
0.452369320957499 3.48334549753147
0.45285784074255 1.64478293054032
0.453346360527601 0.564276421263324
0.453834880312653 0.556649943295993
0.454323400097704 99.999
0.454811919882755 0.619339317425333
0.455300439667807 99.999
0.455788959452858 3.92114765569593
0.456277479237909 3.53375007221161
0.45676599902296 1.65006287125358
0.457254518808012 99.999
0.457743038593063 99.999
0.458231558378114 -1.1655954027916
0.458720078163166 1.80547274429547
0.459208597948217 2.34659996833606
0.459697117733268 3.04838613443102
0.460185637518319 2.6133915248688
0.460674157303371 3.99460924340954
0.461162677088422 4.1703235039891
0.461651196873473 99.999
0.462139716658525 99.999
0.462628236443576 4.47905552537716
0.463116756228627 2.40570482739171
0.463605276013679 2.84060553989942
0.46409379579873 3.54830099248826
0.464582315583781 2.46195078878434
0.465070835368832 4.67075706183334
0.465559355153884 3.49374342600358
0.466047874938935 6.15347785926748
0.466536394723986 99.999
0.467024914509038 99.999
0.467513434294089 3.81556852231927
0.46800195407914 2.80636285842896
0.468490473864192 4.50172333812919
0.468978993649243 5.74902377954047
0.469467513434294 99.999
0.469956033219345 4.78549001390471
0.470444553004397 4.2157313301969
0.470933072789448 3.25543910734893
0.471421592574499 4.95697325358385
0.471910112359551 4.43273489584824
0.472398632144602 99.999
0.472887151929653 3.77915234491202
0.473375671714704 99.999
0.473864191499756 99.999
0.474352711284807 99.999
0.474841231069858 5.41962199493198
0.47532975085491 7.22784588983061
0.475818270639961 99.999
0.476306790425012 99.999
0.476795310210063 4.22218480499629
0.477283829995115 5.66531380251552
0.477772349780166 99.999
0.478260869565217 6.4343955097745
0.478749389350269 4.45793128325429
0.47923790913532 5.25022399452535
0.479726428920371 7.60576721704389
0.480214948705423 6.62782665822286
0.480703468490474 6.18358189406525
0.481191988275525 6.69926515364771
0.481680508060576 7.8989492512296
0.482169027845628 7.73079807428563
0.482657547630679 7.51513052241801
0.48314606741573 7.36455180228976
0.483634587200782 6.10129797847301
0.484123106985833 9.04552047617905
0.484611626770884 7.58261680315053
0.485100146555935 6.74543416921998
0.485588666340987 7.88137218303076
0.486077186126038 99.999
0.486565705911089 99.999
0.487054225696141 99.999
0.487542745481192 7.7685451041932
0.488031265266243 9.4792110284027
0.488519785051295 7.68893505136906
0.489008304836346 8.35983643767685
0.489496824621397 6.96157522550446
0.489985344406448 99.999
0.4904738641915 7.68244407769358
0.490962383976551 9.43983032445102
0.491450903761602 9.08436269467478
0.491939423546654 7.42958698916655
0.492427943331705 9.02119686134521
0.492916463116756 99.999
0.493404982901808 10.4720129697918
0.493893502686859 99.999
0.49438202247191 99.999
0.494870542256961 10.1777827330984
0.495359062042013 9.21510519537218
0.495847581827064 11.304288492027
0.496336101612115 11.6434579521292
0.496824621397167 8.83239104959192
0.497313141182218 10.4134949653755
0.497801660967269 13.2509457730233
0.49829018075232 9.397245857258
0.498778700537372 10.4152341083039
0.499267220322423 10.1438120460065
0.499755740107474 9.58706540195782
0.500244259892526 10.567391142627
0.500732779677577 10.0765303883093
0.501221299462628 99.999
0.50170981924768 9.6445908329834
0.502198339032731 10.8579708704268
0.502686858817782 99.999
0.503175378602833 99.999
0.503663898387885 99.999
0.504152418172936 9.72408988419976
0.504640937957987 9.73758275622773
0.505129457743039 8.58026718703081
0.50561797752809 10.7212684474276
0.506106497313141 8.51154051599447
0.506595017098192 9.02271486037125
0.507083536883244 99.999
0.507572056668295 99.999
0.508060576453346 8.01774698692352
0.508549096238398 99.999
0.509037616023449 7.86713041019166
0.5095261358085 7.788098963816
0.510014655593552 8.04998747957037
0.510503175378603 8.2767024375751
0.510991695163654 6.83272846144104
0.511480214948705 8.34480631312403
0.511968734733757 99.999
0.512457254518808 9.04066834562638
0.512945774303859 7.4209380644329
0.513434294088911 8.83425758023084
0.513922813873962 99.999
0.514411333659013 5.74047327546781
0.514899853444065 7.93630037059115
0.515388373229116 7.36814540884064
0.515876893014167 6.14424330474558
0.516365412799218 99.999
0.51685393258427 8.25337977246214
0.517342452369321 99.999
0.517830972154372 8.38308574325728
0.518319491939424 99.999
0.518808011724475 99.999
0.519296531509526 7.0475163768388
0.519785051294577 99.999
0.520273571079629 5.80366289628783
0.52076209086468 5.38798769287074
0.521250610649731 7.90352876092097
0.521739130434783 5.81277404631719
0.522227650219834 3.58639707663401
0.522716170004885 4.88171065630823
0.523204689789937 5.45941376676221
0.523693209574988 4.11347939059954
0.524181729360039 6.03673344194219
0.52467024914509 4.80081552527419
0.525158768930142 2.84765246993358
0.525647288715193 4.93666574770481
0.526135808500244 7.49603699044236
0.526624328285296 2.12864994704415
0.527112848070347 4.81323547074655
0.527601367855398 99.999
0.528089887640449 2.63192408175835
0.528578407425501 4.27775530257296
0.529066927210552 4.46668793145663
0.529555446995603 99.999
0.530043966780655 2.40663466343998
0.530532486565706 3.58012293989446
0.531021006350757 3.3204846408414
0.531509526135808 99.999
0.53199804592086 -1.53212223888281
0.532486565705911 99.999
0.532975085490962 99.999
0.533463605276014 3.4657131133301
0.533952125061065 3.98090720158137
0.534440644846116 99.999
0.534929164631168 2.78253610952761
0.535417684416219 99.999
0.53590620420127 4.13735080251892
0.536394723986321 99.999
0.536883243771373 3.42904359528233
0.537371763556424 4.46613638915933
0.537860283341475 99.999
0.538348803126527 3.72451700328508
0.538837322911578 3.67618223627898
0.539325842696629 3.11256545054007
0.53981436248168 3.53802353500805
0.540302882266732 1.73769825716433
0.540791402051783 99.999
0.541279921836834 4.18751511435999
0.541768441621886 2.21633263002559
0.542256961406937 5.37470929728145
0.542745481191988 1.95241721350724
0.54323400097704 1.89325461141763
0.543722520762091 4.0827374518151
0.544211040547142 99.999
0.544699560332193 1.77772160422445
0.545188080117245 99.999
0.545676599902296 3.61327388451231
0.546165119687347 2.29721420374796
0.546653639472399 2.54302505836196
0.54714215925745 1.0534564087052
0.547630679042501 99.999
0.548119198827552 99.999
0.548607718612604 2.76273731836963
0.549096238397655 0.906244696787029
0.549584758182706 2.33371875056627
0.550073277967758 2.0887919424247
0.550561797752809 4.2468835332193
0.55105031753786 -0.283796071052804
0.551538837322912 99.999
0.552027357107963 2.17037316622318
0.552515876893014 99.999
0.553004396678065 2.28444119812197
0.553492916463117 3.36731403055792
0.553981436248168 1.64259139256509
0.554469956033219 3.48159354387921
0.554958475818271 99.999
0.555446995603322 3.4631914936304
0.555935515388373 1.98270361521106
0.556424035173425 1.93460169997693
0.556912554958476 0.893209492304021
0.557401074743527 2.05282578041092
0.557889594528578 1.99046042660735
0.55837811431363 0.807121627252192
0.558866634098681 -1.89844769907101
0.559355153883732 2.22567971048807
0.559843673668784 0.745044232164756
0.560332193453835 0.657375537728784
0.560820713238886 99.999
0.561309233023937 99.999
0.561797752808989 4.27743697615411
0.56228627259404 1.54529916472924
0.562774792379091 1.24249693396438
0.563263312164143 -0.204025776211125
0.563751831949194 1.26962004953041
0.564240351734245 99.999
0.564728871519297 0.607863676965857
0.565217391304348 0.612442099066127
0.565705911089399 1.35329637077142
0.56619443087445 -1.36182020627981
0.566682950659502 99.999
0.567171470444553 2.36438819311712
0.567659990229604 99.999
0.568148510014656 0.400437756633939
0.568637029799707 99.999
0.569125549584758 1.13704065941699
0.56961406936981 1.06319893773915
0.570102589154861 99.999
0.570591108939912 0.834716093569751
0.571079628724963 1.02997941052257
0.571568148510015 1.34075013404306
0.572056668295066 99.999
0.572545188080117 99.999
0.573033707865168 99.999
0.57352222765022 2.25477016660453
0.574010747435271 -0.728141188959155
0.574499267220322 99.999
0.574987787005374 0.524409004413594
0.575476306790425 1.56312339276552
0.575964826575476 2.36226758285763
0.576453346360528 2.27249406552154
0.576941866145579 99.999
0.57743038593063 0.286071732694606
0.577918905715681 -1.33276287787142
0.578407425500733 99.999
0.578895945285784 99.999
0.579384465070835 -0.893370964037603
0.579872984855887 1.75541371966507
0.580361504640938 -3.33572541417247
0.580850024425989 1.36001744386652
0.58133854421104 99.999
0.581827063996092 0.0318053970564364
0.582315583781143 99.999
0.582804103566194 99.999
0.583292623351246 0.772403710036163
0.583781143136297 3.52643402335348
0.584269662921348 1.77053505833628
0.5847581827064 99.999
0.585246702491451 0.290944404677018
0.585735222276502 -0.67901170016305
0.586223742061553 -0.275620638942269
0.586712261846605 -1.98927372382807
0.587200781631656 1.5493376756916
0.587689301416707 99.999
0.588177821201759 0.884917136469748
0.58866634098681 0.947311817910465
0.589154860771861 -0.133509350126474
0.589643380556913 99.999
0.590131900341964 1.02544228990315
0.590620420127015 99.999
0.591108939912066 99.999
0.591597459697118 1.30735218461079
0.592085979482169 -0.783332924213983
0.59257449926722 99.999
0.593063019052272 1.19901561156245
0.593551538837323 99.999
0.594040058622374 0.356733412547925
0.594528578407425 0.176664080056698
0.595017098192477 -3.57140842432772
0.595505617977528 0.632689804427631
0.595994137762579 1.70779592316216
0.59648265754763 99.999
0.596971177332682 0.950211423505352
0.597459697117733 1.7700427877609
0.597948216902785 -0.11142480639699
0.598436736687836 1.63896668276997
0.598925256472887 99.999
0.599413776257938 99.999
0.59990229604299 2.73695187552856
0.600390815828041 99.999
0.600879335613092 0.116474555303799
0.601367855398144 0.670982851820214
0.601856375183195 2.43379657981943
0.602344894968246 99.999
0.602833414753297 -0.6632809169583
0.603321934538349 99.999
0.6038104543234 -0.141376253252163
0.604298974108451 99.999
0.604787493893503 -1.04791133244232
0.605276013678554 -0.426587019362925
0.605764533463605 0.936267192339648
0.606253053248657 0.417995316488238
0.606741573033708 0.491132975995735
0.607230092818759 -0.0640037848032705
0.60771861260381 -5.0702859305519
0.608207132388862 0.465032310807602
0.608695652173913 0.906888032711634
0.609184171958964 1.15008905536588
0.609672691744016 2.87391223037012
0.610161211529067 1.02192180951764
0.610649731314118 1.33505775465825
0.61113825109917 99.999
0.611626770884221 2.17456885812173
0.612115290669272 2.04379761000544
0.612603810454323 0.646591251892699
0.613092330239375 1.55356062213572
0.613580850024426 0.592023022001407
0.614069369809477 0.858857413172851
0.614557889594529 2.25004519110095
0.61504640937958 1.98602076952813
0.615534929164631 99.999
0.616023448949682 3.26173332370896
0.616511968734734 1.26083254408499
0.617000488519785 2.0538500477601
0.617489008304836 -1.33694449991122
0.617977528089888 99.999
0.618466047874939 -1.01250392701942
0.61895456765999 1.34952242573515
0.619443087445042 0.575944479052607
0.619931607230093 -0.0311463408056843
0.620420127015144 -0.43329762628051
0.620908646800195 0.282976793211328
0.621397166585247 -0.300199649096072
0.621885686370298 99.999
0.622374206155349 -0.241192126783184
0.6228627259404 -0.913023831984268
0.623351245725452 0.237093986327627
0.623839765510503 1.10263476556172
0.624328285295555 1.44344818204618
0.624816805080606 -0.48851767343295
0.625305324865657 0.324654713040405
0.625793844650708 -0.271186938434592
0.62628236443576 1.40410374241297
0.626770884220811 -1.20043035937698
0.627259404005862 -2.6032662899902
0.627747923790913 0.534029345272285
0.628236443575965 1.72855769692509
0.628724963361016 0.500618115479026
0.629213483146067 0.134473664152845
0.629702002931119 -1.76801459094826
0.63019052271617 0.583467074052825
0.630679042501221 -0.728474159445943
0.631167562286273 1.76898117680463
0.631656082071324 99.999
0.632144601856375 99.999
0.632633121641426 0.829378274949047
0.633121641426478 0.30752401976064
0.633610161211529 2.73347641947239
0.63409868099658 -0.61516077364578
0.634587200781632 99.999
0.635075720566683 -0.0820021875802417
0.635564240351734 99.999
0.636052760136786 0.954756272376845
0.636541279921837 0.860645660379097
0.637029799706888 -0.102623422350759
0.63751831949194 0.155492516456147
0.638006839276991 -1.82605193191266
0.638495359062042 -0.151599905304061
0.638983878847093 99.999
0.639472398632145 99.999
0.639960918417196 99.999
0.640449438202247 2.472784869977
0.640937957987298 0.479229099878871
0.64142647777235 -0.332226806781263
0.641914997557401 99.999
0.642403517342452 2.50046711371935
0.642892037127504 99.999
0.643380556912555 -1.84324219274152
0.643869076697606 1.21081887917165
0.644357596482658 -0.165033681988299
0.644846116267709 99.999
0.64533463605276 -1.02647657712383
0.645823155837811 -1.40929430624033
0.646311675622863 99.999
0.646800195407914 0.929651750587729
0.647288715192965 99.999
0.647777234978017 0.700566982082957
0.648265754763068 0.375435063294887
0.648754274548119 -0.126510015816293
0.64924279433317 -0.262317849265044
0.649731314118222 2.16970695456412
0.650219833903273 -0.0780276855546578
0.650708353688324 -0.21554168952589
0.651196873473376 99.999
0.651685393258427 0.307289929047117
0.652173913043478 99.999
0.65266243282853 99.999
0.653150952613581 -1.23752591813843
0.653639472398632 0.965554268426972
0.654127992183683 99.999
0.654616511968735 1.88196633372914
0.655105031753786 3.24717758172548
0.655593551538837 -1.62609517702324
0.656082071323889 -0.908107614341358
0.65657059110894 0.828575233455513
0.657059110893991 -1.40281910442593
0.657547630679042 0.256919079993741
0.658036150464094 0.472924472507623
0.658524670249145 0.552965329305876
0.659013190034196 0.991884970367653
0.659501709819248 4.87297523891998
0.659990229604299 0.05467011830311
0.66047874938935 -3.54817190809015
0.660967269174402 -0.0210764637737593
0.661455788959453 0.270527798620826
0.661944308744504 0.344543387682942
0.662432828529555 99.999
0.662921348314607 -1.10971105113353
0.663409868099658 1.19017653373784
0.66389838788471 99.999
0.66438690766976 -1.37469585047195
0.664875427454812 -2.98685489974175
0.665363947239863 0.989094058529362
0.665852467024915 99.999
0.666340986809966 0.085936563019334
0.666829506595017 -1.40007983883743
0.667318026380068 99.999
0.66780654616512 0.111340813430143
0.668295065950171 3.13214140578615
0.668783585735222 0.207493549843631
0.669272105520273 0.973764628988916
0.669760625305325 99.999
0.670249145090376 0.915449082083759
0.670737664875427 2.39374224165151
0.671226184660479 0.198404325351335
0.67171470444553 0.657674103265112
0.672203224230581 0.464863739203237
0.672691744015633 99.999
0.673180263800684 0.198404552917006
0.673668783585735 1.2308974338074
0.674157303370786 -0.273335283419543
0.674645823155838 0.025435826607088
0.675134342940889 0.152928977013607
0.67562286272594 -0.0233062568509599
0.676111382510992 0.283072014984039
0.676599902296043 99.999
0.677088422081094 -0.737849100279016
0.677576941866146 99.999
0.678065461651197 1.03753506520678
0.678553981436248 2.69418308997805
0.679042501221299 0.387678279197234
0.679531021006351 5.0865745777426
0.680019540791402 0.0897081786423814
0.680508060576453 99.999
0.680996580361505 99.999
0.681485100146556 99.999
0.681973619931607 0.830945396581811
0.682462139716658 -0.240908513404558
0.68295065950171 -1.89449663472933
0.683439179286761 -0.514706185870898
0.683927699071812 1.32506857330064
0.684416218856864 99.999
0.684904738641915 0.919771929027364
0.685393258426966 -0.318338005998621
0.685881778212018 -0.253095492420606
0.686370297997069 -0.501775042767525
0.68685881778212 0.600243819921075
0.687347337567171 99.999
0.687835857352223 0.586543444280202
0.688324377137274 4.70899258808813
0.688812896922325 99.999
0.689301416707377 3.14837198801045
0.689789936492428 -0.567412777764023
0.690278456277479 2.57443404252347
0.69076697606253 99.999
0.691255495847582 99.999
0.691744015632633 99.999
0.692232535417684 -1.42458845431086
0.692721055202736 -0.146260825620351
0.693209574987787 0.877299822866216
0.693698094772838 0.51862556075384
0.69418661455789 -0.451936151676027
0.694675134342941 -0.282234874261277
0.695163654127992 0.381904915594382
0.695652173913043 0.797629567483559
0.696140693698095 1.96650548145081
0.696629213483146 -2.95716840119522
0.697117733268197 -0.122063612414993
0.697606253053249 99.999
0.6980947728383 0.232817681324284
0.698583292623351 2.11910810526511
0.699071812408403 99.999
0.699560332193454 -0.306186976214118
0.700048851978505 99.999
0.700537371763556 0.583616542713302
0.701025891548608 2.37488170710473
0.701514411333659 -0.13878156886259
0.70200293111871 -0.412132583141818
0.702491450903762 -0.714943152517759
0.702979970688813 99.999
0.703468490473864 99.999
0.703957010258915 0.530240435667388
0.704445530043967 0.322309661324771
0.704934049829018 -0.931243875710177
0.70542256961407 1.47992090167545
0.70591108939912 0.713894225114764
0.706399609184172 99.999
0.706888128969223 99.999
0.707376648754275 99.999
0.707865168539326 1.03853047446556
0.708353688324377 0.384843492174958
0.708842208109428 -0.556847198111051
0.70933072789448 1.89090002465815
0.709819247679531 0.756431500070197
0.710307767464582 0.608947962019272
0.710796287249634 -0.735095575319325
0.711284807034685 0.328220141567392
0.711773326819736 0.257369347829248
0.712261846604787 -0.281900947215775
0.712750366389839 99.999
0.71323888617489 -0.00652951121142983
0.713727405959941 -1.12483646716922
0.714215925744993 0.522913629381119
0.714704445530044 -0.222721782665148
0.715192965315095 0.424106099299417
0.715681485100147 99.999
0.716170004885198 99.999
0.716658524670249 99.999
0.7171470444553 -0.884737364388464
0.717635564240352 0.801616606298665
0.718124084025403 99.999
0.718612603810454 0.57447281803657
0.719101123595506 99.999
0.719589643380557 99.999
0.720078163165608 0.209762885463412
0.72056668295066 -2.96031677961006
0.721055202735711 0.0112507339234047
0.721543722520762 0.149035722503826
0.722032242305813 -0.42809910632048
0.722520762090865 -0.634606812309051
0.723009281875916 -1.9348150478011
0.723497801660967 1.7428850026525
0.723986321446018 0.148025393031971
0.72447484123107 0.699846388553493
0.724963361016121 -0.268977950858648
0.725451880801172 0.623154400459506
0.725940400586224 1.10912506559018
0.726428920371275 0.0477337865439415
0.726917440156326 -0.958076480306704
0.727405959941378 0.78661364798602
0.727894479726429 1.03407708810041
0.72838299951148 99.999
0.728871519296531 -0.0849686684571965
0.729360039081583 99.999
0.729848558866634 1.37142144243064
0.730337078651685 -1.0381767726098
0.730825598436737 0.411968215990167
0.731314118221788 99.999
0.731802638006839 -0.186292223332664
0.73229115779189 2.40010396767357
0.732779677576942 1.79585613855453
0.733268197361993 99.999
0.733756717147044 0.426730158558398
0.734245236932096 -0.0914795070428942
0.734733756717147 0.417237662754667
0.735222276502198 99.999
0.73571079628725 0.314880680772069
0.736199316072301 99.999
0.736687835857352 99.999
0.737176355642403 99.999
0.737664875427455 99.999
0.738153395212506 99.999
0.738641914997557 99.999
0.739130434782609 -0.646658825640095
0.73961895456766 0.322565662844604
0.740107474352711 -0.503838422984785
0.740595994137763 -1.9906447917318
0.741084513922814 0.671674439746478
0.741573033707865 0.256961506877849
0.742061553492916 1.11740422861464
0.742550073277968 0.135360375764961
0.743038593063019 -0.48263610914974
0.74352711284807 99.999
0.744015632633122 99.999
0.744504152418173 0.376935612189592
0.744992672203224 99.999
0.745481191988276 99.999
0.745969711773327 99.999
0.746458231558378 0.712706495451487
0.74694675134343 0.900804640228726
0.74743527112848 99.999
0.747923790913532 99.999
0.748412310698583 99.999
0.748900830483635 99.999
0.749389350268686 -2.80638307970046
0.749877870053737 0.362038041503747
0.750366389838788 5.01646856969525
0.75085490962384 1.57478447838047
0.751343429408891 -3.1389178112776
0.751831949193942 0.708149869763405
0.752320468978994 0.341141889661148
0.752808988764045 99.999
0.753297508549096 0.403234402310074
0.753786028334148 1.66774102664087
0.754274548119199 -2.62036444353773
0.75476306790425 -0.55961087842489
0.755251587689301 -2.27759396450176
0.755740107474353 0.587679072323944
0.756228627259404 99.999
0.756717147044455 -0.625645822974874
0.757205666829507 1.96595792954248
0.757694186614558 99.999
0.758182706399609 99.999
0.75867122618466 -0.310673668328196
0.759159745969712 -0.331219318952304
0.759648265754763 1.30225552896068
0.760136785539814 99.999
0.760625305324866 99.999
0.761113825109917 1.32863481159098
0.761602344894968 0.0770266516313774
0.76209086468002 1.52939194548631
0.762579384465071 0.874918937708204
0.763067904250122 0.806352536534428
0.763556424035173 99.999
0.764044943820225 -0.176574082126281
0.764533463605276 0.855075050901544
0.765021983390327 -1.34389173198532
0.765510503175379 -1.52560225434687
0.76599902296043 99.999
0.766487542745481 -2.77752607837671
0.766976062530532 -0.56076632367696
0.767464582315584 -1.70788905540068
0.767953102100635 -0.525750941987103
0.768441621885686 99.999
0.768930141670738 1.9076750730757
0.769418661455789 99.999
0.76990718124084 -1.19104883120788
0.770395701025891 -0.515008443084814
0.770884220810943 -0.398801439055143
0.771372740595994 0.322096967962993
0.771861260381045 -1.16961314294415
0.772349780166097 -0.759079896094287
0.772838299951148 0.80326270010375
0.7733268197362 0.4887391029777
0.77381533952125 1.79101105642041
0.774303859306302 0.511783723933586
0.774792379091353 -0.188739203840662
0.775280898876405 -0.623426659728842
0.775769418661456 -0.568480457251561
0.776257938446507 0.0737530963933584
0.776746458231558 -0.32345609311534
0.77723497801661 99.999
0.777723497801661 -0.386529773001406
0.778212017586712 0.345702490486498
0.778700537371763 -0.282708062119019
0.779189057156815 0.498976012357064
0.779677576941866 99.999
0.780166096726917 -0.93835325410094
0.780654616511969 99.999
0.78114313629702 -1.48763006422691
0.781631656082071 99.999
0.782120175867123 0.380512455074127
0.782608695652174 1.1268520588007
0.783097215437225 0.289756182529052
0.783585735222276 -0.959324853323584
0.784074255007328 0.389289923132112
0.784562774792379 99.999
0.78505129457743 0.355382790504886
0.785539814362482 -0.539765425342314
0.786028334147533 99.999
0.786516853932584 -0.435897624735725
0.787005373717636 99.999
0.787493893502687 -0.174219391109999
0.787982413287738 -4.1336853249016e-05
0.78847093307279 0.180081453544565
0.78895945285784 1.41981381370564
0.789447972642892 -0.670029869584272
0.789936492427943 99.999
0.790425012212995 0.390584167377841
0.790913531998046 99.999
0.791402051783097 -0.643786150067316
0.791890571568148 0.547832880676898
0.7923790913532 1.2415052675864
0.792867611138251 99.999
0.793356130923302 0.0226179518201021
0.793844650708354 1.23882429459062
0.794333170493405 0.906015476840522
0.794821690278456 99.999
0.795310210063508 -0.631568909566776
0.795798729848559 1.08429520875042
0.79628724963361 0.238478536370262
0.796775769418661 -1.05380103356542
0.797264289203713 99.999
0.797752808988764 99.999
0.798241328773815 -3.54350978093671
0.798729848558867 0.437093391040325
0.799218368343918 0.235235003726933
0.799706888128969 0.066556892100459
0.80019540791402 0.380454826919902
0.800683927699072 1.03084733727641
0.801172447484123 0.296480321813015
0.801660967269174 -1.11646906506185
0.802149487054226 0.338543209512835
0.802638006839277 1.26009057932616
0.803126526624328 0.255951993308864
0.80361504640938 99.999
0.80410356619443 99.999
0.804592085979482 99.999
0.805080605764533 1.5582987196165
0.805569125549585 -1.22132041176287
0.806057645334636 99.999
0.806546165119687 99.999
0.80703468490474 99.999
0.80752320468979 -0.71992891487766
0.808011724474841 0.591772418483622
0.808500244259893 0.968062955019996
0.808988764044944 -0.115188802367876
0.809477283829995 1.97585340270062
0.809965803615046 -0.359840347495409
0.810454323400098 99.999
0.810942843185149 0.813493992663547
0.8114313629702 0.0169444950657488
0.811919882755252 99.999
0.812408402540303 99.999
0.812896922325354 99.999
0.813385442110405 -0.433404967156675
0.813873961895457 0.529987321461126
0.814362481680508 99.999
0.81485100146556 99.999
0.81533952125061 -1.04223053080344
0.815828041035662 -1.25112333069679
0.816316560820713 -1.67913754974928
0.816805080605765 99.999
0.817293600390816 99.999
0.817782120175867 1.89466758323039
0.818270639960918 0.834646949645568
0.81875915974597 0.443698122192404
0.819247679531021 -1.4880557322667
0.819736199316072 0.596334439777464
0.820224719101124 99.999
0.820713238886175 99.999
0.821201758671226 0.0704052639162478
0.821690278456277 99.999
0.822178798241329 3.44910726421127
0.82266731802638 1.73588124833493
0.823155837811431 99.999
0.823644357596483 -0.727356559810407
0.824132877381534 -0.13035875493861
0.824621397166585 1.73339171195929
0.825109916951636 0.979252551504465
0.825598436736688 0.221719102787463
0.826086956521739 0.728262672858876
0.82657547630679 1.34691457270677
0.827063996091842 99.999
0.827552515876893 99.999
0.828041035661944 0.479295349456406
0.828529555446996 99.999
0.829018075232047 99.999
0.829506595017098 99.999
0.82999511480215 -0.979857084996094
0.8304836345872 0.424924620772939
0.830972154372252 0.0508858143596108
0.831460674157303 1.12822586545665
0.831949193942355 0.409255370830764
0.832437713727406 99.999
0.832926233512457 1.41472972799227
0.833414753297508 99.999
0.83390327308256 0.562767727406665
0.83439179286761 -0.505647371857359
0.834880312652662 -0.577076057643216
0.835368832437714 -0.414227828198442
0.835857352222765 0.091890853828663
0.836345872007816 99.999
0.836834391792868 -0.156815231759294
0.837322911577919 1.8250694584508
0.83781143136297 99.999
0.838299951148021 2.45323034768258
0.838788470933073 -1.25892662029172
0.839276990718124 0.866992110939217
0.839765510503175 99.999
0.840254030288227 -0.267280230396662
0.840742550073278 0.209375066843658
0.841231069858329 4.459269113572
0.84171958964338 -1.10471870197207
0.842208109428432 99.999
0.842696629213483 0.00339347322240172
0.843185148998534 1.12126198542627
0.843673668783586 -0.104407484928277
0.844162188568637 -0.783512660574169
0.844650708353688 -0.84788758913429
0.84513922813874 1.02817102603395
0.845627747923791 0.516235779114394
0.846116267708842 99.999
0.846604787493893 -1.37591982315364
0.847093307278945 99.999
0.847581827063996 0.428308675445156
0.848070346849047 -1.00615202396393
0.848558866634099 -0.927537596617804
0.84904738641915 1.90237194030079
0.849535906204201 99.999
0.850024425989253 -0.457653147771561
0.850512945774304 -0.10585938570732
0.851001465559355 99.999
0.851489985344406 -1.33381850300103
0.851978505129458 -2.36656565913046
0.852467024914509 2.21123304650306
0.85295554469956 99.999
0.853444064484612 0.82211458614399
0.853932584269663 99.999
0.854421104054714 -0.475875600458497
0.854909623839766 0.331380412422638
0.855398143624817 0.99080396247798
0.855886663409868 -0.0520477202088699
0.856375183194919 99.999
0.85686370297997 0.127571992585844
0.857352222765022 -0.193828979130014
0.857840742550073 0.129569932732208
0.858329262335125 -2.89855867525662
0.858817782120176 99.999
0.859306301905227 0.167450445957717
0.859794821690278 -0.704321977082566
0.86028334147533 2.22991291025047
0.860771861260381 99.999
0.861260381045432 1.10292050876852
0.861748900830484 -1.10133718012184
0.862237420615535 99.999
0.862725940400586 0.788835440195061
0.863214460185638 1.40371492657909
0.863702979970689 1.07953780894852
0.86419149975574 -0.0597992865022599
0.864680019540791 99.999
0.865168539325843 0.115996580913679
0.865657059110894 1.03519494833174
0.866145578895945 -1.00821774660342
0.866634098680997 -0.189840933806814
0.867122618466048 2.34150323315962
0.8676111382511 0.874599875717862
0.86809965803615 99.999
0.868588177821202 99.999
0.869076697606253 -0.915776995396892
0.869565217391304 -0.844606396045155
0.870053737176356 -0.0823950149115247
0.870542256961407 -1.44454003139115
0.871030776746458 1.48961366114167
0.87151929653151 -0.834465093329032
0.87200781631656 1.15458625756486
0.872496336101612 0.170584877815236
0.872984855886663 0.39866581768987
0.873473375671715 -0.223730939571653
0.873961895456766 -1.27401107443354
0.874450415241817 0.629719889751026
0.874938935026869 99.999
0.87542745481192 -0.276931860547253
0.875915974596971 0.262293079222987
0.876404494382022 -1.27727612829043
0.876893014167074 -0.622971978513913
0.877381533952125 0.367712538878107
0.877870053737176 99.999
0.878358573522228 1.30185823060214
0.87884709330728 99.999
0.87933561309233 99.999
0.879824132877381 0.62142259636665
0.880312652662433 -0.193526782995968
0.880801172447484 -1.42082482154548
0.881289692232535 -3.23548736911681
0.881778212017587 0.118596837888986
0.882266731802638 99.999
0.882755251587689 -0.217211401363679
0.88324377137274 99.999
0.883732291157792 0.819864047390188
0.884220810942843 -0.0324981929992233
0.884709330727894 0.526481143030544
0.885197850512946 0.412824687082424
0.885686370297997 -0.0460662724393637
0.886174890083048 -1.05561178934292
0.8866634098681 0.438872076791144
0.88715192965315 -0.597002668928992
0.887640449438202 0.139992118997266
0.888128969223253 1.37522905358669
0.888617489008305 1.46174684186248
0.889106008793356 0.047547528575873
0.889594528578407 0.309805147498016
0.890083048363459 -0.261469279823345
0.89057156814851 0.0376312420721138
0.891060087933561 0.321066934492696
0.891548607718613 0.596514329959472
0.892037127503664 -0.498823282549137
0.892525647288715 1.166486220877
0.893014167073766 -0.672660702516828
0.893502686858818 -0.359242570429201
0.893991206643869 -0.60255045451057
0.89447972642892 -0.306064525779173
0.894968246213972 99.999
0.895456765999023 99.999
0.895945285784074 -1.61154496753541
0.896433805569126 -0.246016335245808
0.896922325354177 -1.10177872922017
0.897410845139228 99.999
0.89789936492428 -0.515961966508202
0.898387884709331 0.619498126638216
0.898876404494382 -0.617348753427614
0.899364924279433 0.173915380177537
0.899853444064485 0.892144371065952
0.900341963849536 -1.18842496743325
0.900830483634587 -0.474957533146911
0.901319003419638 1.47882707947311
0.90180752320469 -0.123299955030042
0.902296042989741 -6.74961578590769
0.902784562774792 99.999
0.903273082559844 99.999
0.903761602344895 99.999
0.904250122129946 -2.65568403490899
0.904738641914998 -0.0267266321130201
0.905227161700049 99.999
0.9057156814851 99.999
0.906204201270151 0.407273260315363
0.906692721055203 0.122035667453871
0.907181240840254 -0.225406209388707
0.907669760625305 99.999
0.908158280410357 -0.943971583043474
0.908646800195408 -0.620817968831352
0.90913531998046 99.999
0.90962383976551 0.688633890922538
0.910112359550562 -1.73368693865697
0.910600879335613 0.3313107558148
0.911089399120664 2.30924061751708
0.911577918905716 1.03619036902821
0.912066438690767 2.11450521390353
0.912554958475818 -0.73851755042115
0.91304347826087 -1.51850612751351
0.91353199804592 2.28019427577834
0.914020517830972 -0.0317159855725843
0.914509037616023 -0.550345474061007
0.914997557401075 0.301301284684441
0.915486077186126 99.999
0.915974596971177 99.999
0.91646311675623 99.999
0.91695163654128 99.999
0.917440156326331 -0.641057110950467
0.917928676111383 0.464385475976914
0.918417195896434 99.999
0.918905715681485 0.860826880127294
0.919394235466536 -0.635939011632822
0.919882755251588 99.999
0.920371275036639 -1.18801733190748
0.92085979482169 99.999
0.921348314606742 -1.27907297461566
0.921836834391793 -2.24284185309519
0.922325354176844 99.999
0.922813873961895 1.3197654785129
0.923302393746947 -0.311026522536123
0.923790913531998 -0.377392683059215
0.92427943331705 1.11188540681627
0.9247679531021 99.999
0.925256472887152 99.999
0.925744992672203 -0.918772087198697
0.926233512457254 -1.42971029170891
0.926722032242306 99.999
0.927210552027357 0.248077730866116
0.927699071812408 -0.511789362178526
0.92818759159746 99.999
0.928676111382511 99.999
0.929164631167562 1.5994976949884
0.929653150952614 -1.64904543811908
0.930141670737665 -0.570142124673778
0.930630190522716 -0.0826681731124897
0.931118710307767 -0.0401752251008635
0.931607230092819 1.2353963574961
0.93209574987787 -1.5989247984101
0.932584269662921 1.68773616291176
0.933072789447973 99.999
0.933561309233024 -0.0938456081133055
0.934049829018075 99.999
0.934538348803126 99.999
0.935026868588178 -0.424031304805974
0.935515388373229 -4.76584549803777
0.93600390815828 -0.57965746035254
0.936492427943332 -0.0203760380413124
0.936980947728383 -0.663238587580538
0.937469467513434 -1.73733336755227
0.937957987298486 0.40487012794932
0.938446507083537 2.11362832991465
0.938935026868588 99.999
0.93942354665364 -0.773473904564912
0.93991206643869 99.999
0.940400586223742 -0.248598062400572
0.940889106008793 -0.112560999037216
0.941377625793845 4.38174376511168
0.941866145578896 0.0644483993642176
0.942354665363947 0.830464018245843
0.942843185148998 99.999
0.94333170493405 0.595117434018505
0.943820224719101 -0.396279116201092
0.944308744504152 0.189846945884746
0.944797264289204 0.290109782867679
0.945285784074255 1.3385949874897
0.945774303859306 -1.0493209857266
0.946262823644358 0.115648729042319
0.94675134342941 0.874356544323008
0.94723986321446 1.03284051162134
0.94772838299951 99.999
0.948216902784563 -0.367531641230827
0.948705422569614 0.816008630111657
0.949193942354665 99.999
0.949682462139717 99.999
0.950170981924768 -0.380309475794394
0.95065950170982 0.391431859586659
0.95114802149487 0.718876324080548
0.951636541279922 -0.755259439275266
0.952125061064973 0.317129838711182
0.952613580850024 -0.255350389554553
0.953102100635076 0.669724873401508
0.953590620420127 99.999
0.954079140205178 99.999
0.95456765999023 99.999
0.95505617977528 99.999
0.955544699560332 -1.25564029834147
0.956033219345383 -1.27231073305848
0.956521739130435 -0.56756158404818
0.957010258915486 -0.817507898098531
0.957498778700537 1.96787236132762
0.957987298485589 -1.28490328615315
0.95847581827064 0.0481604351076966
0.95896433805569 -0.539007975187697
0.959452857840743 0.283119163797688
0.959941377625794 -1.1313786839062
0.960429897410845 -1.41041645920093
0.960918417195896 99.999
0.961406936980948 -3.05544465241923
0.961895456765999 -0.45385425547363
0.96238397655105 99.999
0.962872496336102 99.999
0.963361016121153 -0.411847734192771
0.963849535906204 99.999
0.964338055691256 99.999
0.964826575476307 0.762286745368463
0.965315095261358 0.593556857610509
0.96580361504641 -0.153954248511992
0.96629213483146 2.48260597768599
0.966780654616512 0.416458895114705
0.967269174401563 4.1986940102591
0.967757694186615 -1.1489618889127
0.968246213971666 -0.0620953789501777
0.968734733756717 -1.57696918943521
0.969223253541768 -0.332292177217329
0.96971177332682 1.53576994485021
0.970200293111871 99.999
0.970688812896922 -0.666387891402553
0.971177332681974 99.999
0.971665852467025 99.999
0.972154372252076 0.670717655918611
0.972642892037128 99.999
0.973131411822179 1.21894153841197
0.97361993160723 0.0480702444006468
0.97410845139228 99.999
0.974596971177333 0.682735955601926
0.975085490962384 0.0403221409173354
0.975574010747435 -0.468315882988572
0.976062530532487 -0.604420499911462
0.976551050317538 0.133403938560597
0.97703957010259 -0.827712817809818
0.97752808988764 -1.56225611966591
0.978016609672692 1.78422621650626
0.978505129457743 99.999
0.978993649242794 0.776742646937162
0.979482169027846 99.999
0.979970688812897 -0.196787473000227
0.980459208597948 1.04214051360063
0.980947728383 1.56717713845878
0.98143624816805 1.63454064942774
0.981924767953102 -0.745544216110026
0.982413287738153 99.999
0.982901807523205 99.999
0.983390327308256 -0.253525812683506
0.983878847093307 -0.257334757598298
0.98436736687836 0.319596505551611
0.98485588666341 -0.199200533669887
0.98534440644846 1.44594965334851
0.985832926233512 0.061254176681807
0.986321446018564 99.999
0.986809965803615 -0.51970645940271
0.987298485588666 2.72084787474362
0.987787005373718 99.999
0.988275525158769 -0.526902761126399
0.98876404494382 -0.231578264169176
0.989252564728871 -0.305710024920588
0.989741084513923 -0.524108527114888
0.990229604298974 99.999
0.990718124084025 0.234702971663836
0.991206643869077 -0.864479336791392
0.991695163654128 0.589232483672465
0.99218368343918 -0.706750248442131
0.99267220322423 -0.425772218895705
0.993160723009282 -0.885508339917553
0.993649242794333 -1.28241635143521
0.994137762579384 0.523457936518857
0.994626282364436 99.999
0.995114802149487 99.999
0.995603321934538 2.22432152569075
0.99609184171959 99.999
0.99658036150464 -0.142277644800898
0.997068881289692 0.852719266600281
0.997557401074743 99.999
0.998045920859795 -0.86125302251745
0.998534440644846 -0.126769943225558
0.999022960429897 -0.351911954491967
0.999511480214949 99.999
1 1.73293396521486
